              precision    recall  f1-score   support

           0       0.97      0.97      0.97        37
           1       1.00      1.00      1.00        36
           2       1.00      0.95      0.97        39
           3       1.00      0.96      0.98        27
           4       0.86      0.71      0.77        34
           5       0.81      0.67      0.73        43
           6       0.97      1.00      0.99        37
           7       0.96      1.00      0.98        55
           8       1.00      1.00      1.00        45
           9       0.97      0.84      0.90        37
          10       0.82      0.96      0.88        47
          11       1.00      1.00      1.00        29
          12       0.91      0.81      0.86        37
          13       0.96      0.94      0.95        50
          14       0.89      1.00      0.94        34
          15       0.91      0.94      0.93        33
          16       0.83      0.78      0.80        49
          17       0.84      0.88      0.86        43
          18       0.97      0.97      0.97        29
          19       0.66      0.84      0.74        44
          20       0.98      1.00      0.99        90
          21       0.88      0.79      0.83        19
          22       0.84      0.71      0.77        52
          23       0.93      0.86      0.89        44
          24       1.00      1.00      1.00        47
          25       0.96      0.92      0.94        48
          26       0.99      0.98      0.98        89
          27       0.98      1.00      0.99        42
          28       0.92      1.00      0.96        34
          29       0.94      0.96      0.95        47
          30       0.52      0.57      0.55        40
          31       0.90      0.97      0.94        39
          32       0.67      0.74      0.70        50
          33       1.00      1.00      1.00        89
          34       0.77      0.56      0.65        18
          35       0.76      0.92      0.83        38
          36       0.88      0.90      0.89        41
          37       0.98      0.93      0.95        89
          38       0.95      0.95      0.95        42
          39       0.94      0.88      0.91        33
          40       0.92      0.88      0.90        26
          41       0.97      1.00      0.99        68
          42       0.91      0.99      0.95        81
          43       1.00      1.00      1.00        33
          44       0.63      0.55      0.59        31
          45       0.89      0.84      0.86        49
          46       0.84      0.89      0.86       167
          47       1.00      1.00      1.00        41
          48       1.00      0.99      0.99        87
          49       0.90      0.82      0.86        33
          50       0.96      0.98      0.97        49
          51       0.92      0.94      0.93        49
          52       0.92      0.94      0.93        47
          53       0.92      0.97      0.95        36
          54       0.97      1.00      0.99        39
          55       0.88      0.99      0.93        71
          56       0.98      0.91      0.94        45
          57       1.00      1.00      1.00        41
          58       0.75      0.63      0.69        57
          59       1.00      0.92      0.96        50
          60       0.79      0.81      0.80        27
          61       0.97      1.00      0.99        33
          62       1.00      1.00      1.00        70
          63       0.87      0.94      0.91       137
          64       0.91      0.84      0.87        49
          65       0.66      0.79      0.72        39
          66       0.99      0.99      0.99       138
          67       0.87      0.99      0.93        69
          68       0.73      0.91      0.81        33
          69       0.91      0.98      0.94        43
          70       1.00      1.00      1.00        46
          71       0.78      0.90      0.84        90
          72       0.77      0.45      0.57        22
          73       1.00      1.00      1.00        20
          74       0.95      0.81      0.88        26
          75       0.93      1.00      0.97        43
          76       1.00      1.00      1.00        46
          77       0.83      0.70      0.76        43
          78       1.00      1.00      1.00        37
          79       0.98      1.00      0.99       108
          80       0.68      0.65      0.67        43
          81       0.91      0.95      0.93       111
          82       0.91      0.95      0.93       106
          83       0.65      0.46      0.54        37
          84       0.71      0.78      0.74        46
          85       0.81      0.78      0.79        37
          86       0.93      0.91      0.92        68
          87       0.58      0.83      0.68        18
          88       0.93      0.93      0.93        96
          89       0.97      0.94      0.96       143
          90       1.00      1.00      1.00        50
          91       0.94      1.00      0.97        31
          92       0.90      0.86      0.88        99
          93       1.00      0.98      0.99        50
          94       0.96      0.78      0.86        32
          95       0.86      0.95      0.90        40
          96       1.00      0.88      0.94        50
          97       0.92      0.88      0.90        50
          98       1.00      1.00      1.00        43
          99       0.69      0.62      0.65        50
         100       0.98      0.98      0.98        49
         101       0.93      0.96      0.94        26
         102       0.98      1.00      0.99        50
         103       0.98      0.96      0.97        47
         104       1.00      1.00      1.00        34
         105       0.86      0.97      0.92        39
         106       0.71      0.82      0.76        49
         107       0.97      1.00      0.99        36
         108       0.97      1.00      0.99        33
         109       0.76      0.81      0.79        27
         110       1.00      0.99      1.00       127
         111       0.94      0.95      0.94        62
         112       1.00      1.00      1.00        46
         113       0.81      0.88      0.84        77
         114       0.89      1.00      0.94        34
         115       0.79      0.44      0.56        50
         116       0.85      0.84      0.85        98
         117       0.97      0.97      0.97        38
         118       0.98      0.91      0.94        45
         119       0.99      1.00      0.99        76
         120       1.00      1.00      1.00        50
         121       0.89      0.85      0.87       143
         122       0.99      0.99      0.99       146
         123       0.88      0.94      0.91        97
         124       0.92      0.92      0.92        37
         125       0.86      0.80      0.83        40
         126       0.54      0.76      0.63        33
         127       0.98      0.98      0.98        60
         128       0.74      0.67      0.70        39
         129       0.95      0.93      0.94        43
         130       0.50      0.35      0.41        17
         131       0.56      0.69      0.62        45
         132       0.97      1.00      0.99        35
         133       1.00      0.98      0.99        43
         134       0.63      0.52      0.57        63
         135       0.84      0.79      0.82        34
         136       0.97      1.00      0.99        35
         137       0.98      0.95      0.96        56
         138       0.73      0.96      0.83        45
         139       0.97      0.97      0.97        31
         140       0.98      0.96      0.97        50
         141       0.91      0.95      0.93        21
         142       0.97      1.00      0.98        31
         143       0.97      0.86      0.91        37
         144       0.98      0.98      0.98        59
         145       0.71      0.60      0.65        40
         146       0.97      0.97      0.97        37
         147       0.98      0.96      0.97        46
         148       0.94      0.94      0.94        18
         149       1.00      1.00      1.00        42
         150       1.00      1.00      1.00        46
         151       0.85      0.85      0.85        27
         152       0.86      0.82      0.84        22
         153       1.00      0.97      0.99        36
         154       0.88      0.83      0.85       109
         155       1.00      1.00      1.00        53
         156       0.88      0.95      0.91        38
         157       0.95      0.93      0.94        43
         158       1.00      1.00      1.00        33
         159       0.98      1.00      0.99        52
         160       0.96      0.89      0.92        27
         161       0.97      0.92      0.94        63
         162       0.89      0.97      0.93        32
         163       1.00      1.00      1.00        16
         164       1.00      1.00      1.00        45
         165       0.83      0.90      0.87       196
         166       0.87      0.92      0.90       103
         167       0.93      0.82      0.87        90
         168       0.73      0.83      0.78        36
         169       1.00      0.97      0.98        31
         170       0.98      1.00      0.99        40
         171       0.86      0.81      0.83       103
         172       0.78      0.91      0.84        34
         173       0.72      0.62      0.67        45
         174       0.91      0.97      0.94        33
         175       0.98      1.00      0.99        43
         176       1.00      0.95      0.98        42
         177       1.00      1.00      1.00        29
         178       0.86      0.68      0.76        47
         179       0.97      0.91      0.94        34
         180       0.90      0.88      0.89        50
         181       0.90      0.94      0.92       126
         182       1.00      0.95      0.98        42
         183       0.77      0.72      0.74        50
         184       0.98      1.00      0.99        40
         185       0.98      1.00      0.99        53
         186       0.75      0.82      0.79        40
         187       0.97      1.00      0.99        39
         188       1.00      1.00      1.00        27
         189       0.87      0.92      0.89        37
         190       0.80      0.89      0.85        37
         191       0.86      0.87      0.86        83
         192       0.93      0.90      0.92        42
         193       0.97      0.84      0.90        44
         194       1.00      1.00      1.00        50
         195       0.74      0.93      0.82        42
         196       0.95      1.00      0.97        36
         197       0.98      0.98      0.98        48
         198       0.57      0.49      0.53        43
         199       1.00      1.00      1.00        22
         200       0.92      0.93      0.93        87
         201       0.97      0.84      0.90        45
         202       0.83      0.77      0.80        52
         203       0.83      0.95      0.88        20
         204       0.70      0.81      0.75        37
         205       0.97      0.97      0.97        33
         206       0.99      0.93      0.96        88
         207       0.88      0.98      0.93        47
         208       0.39      0.46      0.42        26
         209       0.97      0.97      0.97        33
         210       0.92      0.88      0.90        50
         211       0.96      0.96      0.96        50
         212       0.97      0.97      0.97        38
         213       0.52      0.64      0.57        50
         214       1.00      1.00      1.00        53
         215       0.93      0.83      0.88        30
         216       0.85      0.81      0.83       111
         217       0.89      0.95      0.92        42
         218       0.96      0.93      0.95        28
         219       1.00      1.00      1.00        37
         220       1.00      1.00      1.00        39
         221       0.76      0.67      0.71        48
         222       0.91      0.81      0.86        37
         223       0.86      0.98      0.92        45
         224       1.00      1.00      1.00        42
         225       1.00      1.00      1.00        43
         226       0.77      0.87      0.82        47
         227       0.19      0.14      0.16        35
         228       0.90      0.96      0.93       100
         229       1.00      1.00      1.00        26
         230       0.98      1.00      0.99        42
         231       0.78      0.81      0.80        43
         232       1.00      0.98      0.99        46
         233       0.94      0.95      0.95       109
         234       0.81      0.89      0.85        28
         235       0.27      0.41      0.33        41
         236       0.80      0.75      0.77        16
         237       0.86      0.91      0.89        35
         238       0.70      0.72      0.71        97
         239       0.99      1.00      0.99        69
         240       0.76      0.76      0.76        93
         241       0.97      0.83      0.90        47
         242       0.67      0.83      0.74        42
         243       0.97      1.00      0.98        30
         244       0.82      0.87      0.85        38
         245       0.84      0.80      0.82       122
         246       0.99      0.94      0.96        93
         247       1.00      1.00      1.00        34
         248       0.72      0.55      0.62        42
         249       0.96      1.00      0.98        27
         250       0.93      0.98      0.96        44
         251       1.00      1.00      1.00        53
         252       0.92      0.64      0.76        75
         253       1.00      0.99      0.99        91
         254       0.78      0.69      0.73        42
         255       0.92      0.96      0.94        50
         256       0.76      0.91      0.83        34
         257       1.00      1.00      1.00        46
         258       1.00      1.00      1.00        59
         259       0.93      0.90      0.92        31
         260       0.89      0.76      0.82        85
         261       1.00      0.93      0.97        30
         262       0.87      0.91      0.89        43
         263       0.95      0.93      0.94        40
         264       0.95      1.00      0.98        21
         265       0.96      1.00      0.98        24
         266       1.00      1.00      1.00        16
         267       0.91      0.80      0.85        25
         268       1.00      1.00      1.00        40
         269       0.99      0.97      0.98       116
         270       0.93      0.88      0.90       178
         271       0.97      0.97      0.97        30
         272       1.00      1.00      1.00        58
         273       0.98      0.95      0.97        44
         274       0.90      0.90      0.90        50
         275       0.85      0.83      0.84        90
         276       0.93      0.71      0.81        35
         277       1.00      1.00      1.00        90
         278       0.97      1.00      0.98        32
         279       0.98      1.00      0.99        47
         280       0.97      1.00      0.99        33
         281       0.97      0.94      0.96        35
         282       1.00      0.96      0.98        48
         283       0.87      0.77      0.82        44
         284       0.87      0.62      0.72        42
         285       0.63      0.67      0.65        18
         286       0.82      0.85      0.83        47
         287       1.00      1.00      1.00        43
         288       0.74      0.78      0.76        86
         289       0.98      0.96      0.97       134
         290       0.86      0.90      0.88        49
         291       1.00      0.98      0.99        96
         292       0.94      0.94      0.94        33
         293       0.93      0.89      0.91        45
         294       0.96      0.92      0.94        24
         295       0.85      0.95      0.90        41
         296       0.95      0.78      0.85        67
         297       0.98      0.91      0.94        45
         298       0.98      0.90      0.94        50
         299       0.96      0.96      0.96        26
         300       1.00      1.00      1.00        40
         301       0.93      0.95      0.94        40
         302       1.00      0.98      0.99        41
         303       0.54      0.43      0.48        44
         304       0.75      0.87      0.81        31
         305       0.99      0.99      0.99        89
         306       1.00      1.00      1.00        26
         307       0.98      0.94      0.96        48
         308       0.95      1.00      0.98        42
         309       1.00      1.00      1.00        29
         310       0.88      0.77      0.82        47
         311       0.96      0.90      0.93        29
         312       0.96      0.96      0.96        50
         313       0.91      0.61      0.73        49
         314       0.90      0.86      0.88        44
         315       0.97      1.00      0.99        37
         316       0.87      0.96      0.91        99
         317       0.98      0.99      0.98       123
         318       0.95      1.00      0.97        36
         319       0.66      0.77      0.71        35
         320       1.00      0.98      0.99        48
         321       0.96      0.98      0.97        50
         322       0.95      0.88      0.91       130
         323       0.96      0.96      0.96        26
         324       1.00      0.96      0.98        84
         325       0.98      0.88      0.93        50
         326       1.00      1.00      1.00        17
         327       0.84      0.91      0.88        35
         328       0.95      0.90      0.92        41
         329       1.00      1.00      1.00        42
         330       0.98      1.00      0.99        44
         331       0.84      1.00      0.91        43
         332       0.86      0.75      0.80        24
         333       0.95      0.91      0.93        44
         334       0.97      0.84      0.90        45
         335       0.95      0.94      0.95        85
         336       0.97      0.99      0.98       120
         337       0.97      0.99      0.98       100
         338       0.82      0.92      0.87       138
         339       1.00      0.92      0.96        62
         340       0.85      0.76      0.80        45
         341       0.90      0.92      0.91        88
         342       0.96      1.00      0.98        43
         343       0.95      0.91      0.93        45
         344       0.98      0.93      0.95        43
         345       0.91      0.93      0.92        43
         346       0.92      0.91      0.92       199
         347       1.00      0.97      0.99        40
         348       0.78      0.82      0.80        39
         349       0.90      0.97      0.93        36
         350       0.97      0.97      0.97        34
         351       0.43      0.30      0.35        20
         352       0.89      0.94      0.92        36
         353       0.84      0.84      0.84        68
         354       0.80      0.82      0.81        49
         355       1.00      1.00      1.00        40
         356       0.92      0.92      0.92        37
         357       0.98      1.00      0.99        47
         358       1.00      0.97      0.98        29
         359       0.57      0.72      0.64        32
         360       0.88      0.98      0.92        44
         361       0.96      1.00      0.98        49
         362       0.98      0.99      0.99       200
         363       1.00      1.00      1.00        35
         364       0.96      1.00      0.98        50
         365       0.86      0.92      0.89        26
         366       0.93      0.67      0.78        42
         367       0.96      1.00      0.98        48
         368       0.98      1.00      0.99        47
         369       0.89      0.92      0.91        52
         370       0.88      0.95      0.91        38
         371       0.97      0.97      0.97        29
         372       0.53      0.27      0.36        33
         373       1.00      0.71      0.83        24
         374       0.98      0.85      0.91        47
         375       0.88      0.89      0.88        47
         376       0.83      0.88      0.85        33
         377       0.73      0.94      0.82        48
         378       0.97      1.00      0.99        99
         379       0.94      0.96      0.95       109
         380       1.00      1.00      1.00        48
         381       1.00      1.00      1.00        38
         382       0.91      0.91      0.91        22
         383       0.93      0.93      0.93        41
         384       0.96      1.00      0.98        26
         385       1.00      1.00      1.00        30
         386       1.00      0.99      1.00       115
         387       1.00      1.00      1.00        42
         388       1.00      1.00      1.00        40
         389       0.80      0.82      0.81        95
         390       0.98      0.96      0.97        47
         391       0.94      0.94      0.94        49
         392       1.00      0.99      0.99       165
         393       0.98      0.98      0.98        48
         394       0.88      0.96      0.92        23
         395       0.77      0.84      0.80        82
         396       0.98      1.00      0.99        47
         397       1.00      0.97      0.98        64
         398       0.97      0.96      0.97        79
         399       0.91      0.89      0.90        75
         400       0.99      0.99      0.99        75
         401       0.87      0.74      0.80        80
         402       0.96      1.00      0.98        49
         403       0.95      0.97      0.96        60
         404       0.82      0.93      0.87        68
         405       0.42      0.42      0.42        36
         406       0.97      0.97      0.97        30
         407       0.98      1.00      0.99        40
         408       0.95      0.91      0.93        43
         409       0.94      0.95      0.95       103
         410       0.86      0.92      0.89       104
         411       0.84      0.70      0.76        30
         412       1.00      1.00      1.00        50
         413       1.00      0.89      0.94        28
         414       1.00      1.00      1.00        36
         415       1.00      0.95      0.97        19
         416       0.99      0.99      0.99        68
         417       0.96      0.96      0.96        24
         418       1.00      1.00      1.00        21
         419       0.84      0.93      0.88        28
         420       0.52      0.56      0.54        43
         421       0.95      0.95      0.95        41
         422       0.97      0.97      0.97        40
         423       0.89      0.61      0.72        41
         424       0.98      1.00      0.99        47
         425       1.00      1.00      1.00        39
         426       0.64      0.37      0.47        19
         427       0.98      0.92      0.95        50
         428       0.73      0.67      0.70        57
         429       0.99      0.99      0.99       145
         430       0.90      0.93      0.92        29
         431       1.00      0.96      0.98        49
         432       1.00      1.00      1.00        29
         433       1.00      1.00      1.00        44
         434       0.82      0.35      0.49        40
         435       0.99      0.96      0.97        80
         436       1.00      0.96      0.98        24
         437       0.58      0.54      0.56        39
         438       1.00      1.00      1.00        21
         439       0.95      1.00      0.98        40
         440       1.00      0.92      0.96       128
         441       1.00      1.00      1.00        25
         442       0.94      0.87      0.90        38
         443       0.92      0.81      0.86        27
         444       0.97      1.00      0.98        31
         445       0.95      0.99      0.97       127
         446       0.97      0.97      0.97       157
         447       0.98      0.98      0.98        50
         448       1.00      0.94      0.97        35
         449       0.93      0.97      0.95        29
         450       0.74      0.90      0.81        50
         451       0.85      0.85      0.85        39
         452       0.76      0.76      0.76        17
         453       0.99      0.98      0.98        85
         454       1.00      0.62      0.77        29
         455       0.98      1.00      0.99        49
         456       0.86      0.94      0.90        34
         457       0.96      0.96      0.96       135
         458       0.98      1.00      0.99        47
         459       1.00      0.98      0.99        43
         460       1.00      1.00      1.00        23
         461       0.94      0.86      0.90        36
         462       1.00      1.00      1.00        34
         463       0.93      0.64      0.76        39
         464       1.00      0.98      0.99        47
         465       0.70      0.66      0.68       126
         466       0.93      0.98      0.95        41
         467       1.00      1.00      1.00        49
         468       0.90      0.95      0.92        39
         469       0.92      0.87      0.89        39
         470       1.00      0.98      0.99        48
         471       0.89      0.93      0.91       143
         472       0.97      1.00      0.98        58
         473       0.77      0.92      0.84        50
         474       0.81      0.38      0.52        34
         475       1.00      1.00      1.00        34
         476       0.81      0.83      0.82        42
         477       0.93      1.00      0.97        86
         478       0.97      0.99      0.98        67
         479       0.97      1.00      0.98        29
         480       0.80      0.95      0.87        41
         481       0.74      0.95      0.83        39
         482       0.96      0.98      0.97       158
         483       0.96      0.98      0.97       178
         484       0.91      0.84      0.87        50
         485       0.88      0.94      0.91        48
         486       0.94      1.00      0.97        47
         487       0.81      0.93      0.87        75
         488       0.94      0.99      0.97       115
         489       0.95      0.98      0.96        54
         490       0.97      1.00      0.99       104
         491       1.00      0.94      0.97        17
         492       0.95      0.83      0.88        46
         493       0.81      0.76      0.79       102
         494       0.98      0.88      0.92        48
         495       1.00      1.00      1.00        77
         496       0.72      0.88      0.79        41
         497       0.86      0.75      0.80        48
         498       0.90      0.97      0.93       177
         499       0.88      0.78      0.83        98
         500       0.92      0.94      0.93        50
         501       0.91      0.87      0.89        79
         502       0.96      1.00      0.98        79
         503       0.87      0.85      0.86        93
         504       0.48      0.71      0.57        56
         505       0.96      0.98      0.97        46
         506       0.81      0.89      0.85        99
         507       0.97      1.00      0.98        29
         508       0.66      0.70      0.68        30
         509       0.97      1.00      0.99        33
         510       1.00      1.00      1.00        52
         511       1.00      0.98      0.99       198
         512       0.80      0.75      0.77        48
         513       0.88      0.98      0.92        50
         514       0.98      0.98      0.98        42
         515       1.00      0.96      0.98        28
         516       0.63      0.80      0.71        60
         517       0.92      0.94      0.93        49
         518       0.97      1.00      0.99        33
         519       0.94      1.00      0.97        32
         520       0.95      1.00      0.97        36
         521       0.95      1.00      0.98        20
         522       0.93      1.00      0.96        40
         523       0.90      0.82      0.86       108
         524       0.76      0.61      0.68        83
         525       0.99      0.99      0.99       104
         526       0.95      0.97      0.96        38
         527       0.89      0.82      0.86        40
         528       0.90      0.90      0.90        29
         529       0.75      0.72      0.74        29
         530       0.83      1.00      0.91        30
         531       0.97      0.94      0.95        65
         532       0.93      0.85      0.89        99
         533       0.86      0.90      0.88        48
         534       0.97      0.82      0.89        38
         535       0.84      0.93      0.88        28
         536       0.94      0.76      0.84        41
         537       0.85      0.81      0.83        27
         538       1.00      1.00      1.00        35
         539       1.00      1.00      1.00        34
         540       0.93      0.93      0.93        41
         541       1.00      0.98      0.99       101
         542       0.87      0.96      0.92        28
         543       0.91      0.84      0.87       194
         544       0.93      0.96      0.95        54
         545       0.67      0.80      0.73        56
         546       0.95      0.89      0.92        66
         547       0.98      0.98      0.98        52
         548       0.91      0.95      0.93        43
         549       0.98      0.99      0.99       153
         550       0.67      0.58      0.62        38
         551       0.93      0.93      0.93        43
         552       0.92      0.92      0.92        66
         553       0.98      0.99      0.99       177
         554       0.76      0.78      0.77        50
         555       0.67      0.57      0.62        49
         556       0.58      0.60      0.59        67
         557       1.00      0.95      0.97        97
         558       1.00      0.96      0.98        25
         559       0.88      0.90      0.89        42
         560       0.93      0.96      0.95        27
         561       0.71      0.81      0.76        59
         562       0.93      1.00      0.96        39
         563       0.89      0.98      0.93        42
         564       0.98      0.94      0.96       127
         565       0.73      0.81      0.77        37
         566       1.00      1.00      1.00        44
         567       0.98      1.00      0.99        63
         568       0.91      0.95      0.93        44
         569       1.00      0.97      0.99        77
         570       1.00      0.94      0.97        18
         571       0.96      1.00      0.98        77
         572       0.95      1.00      0.98        59
         573       1.00      1.00      1.00        23
         574       0.98      0.98      0.98        42
         575       0.88      0.94      0.91        47
         576       0.92      0.91      0.91       100
         577       0.98      0.96      0.97        46
         578       0.62      0.47      0.53        49
         579       1.00      0.97      0.99        39
         580       0.98      0.98      0.98        50
         581       0.65      0.82      0.73        44
         582       0.89      1.00      0.94        40
         583       0.84      0.90      0.87        30
         584       0.97      0.95      0.96        82
         585       1.00      0.99      1.00       106
         586       0.97      0.97      0.97        39
         587       0.96      1.00      0.98        50
         588       0.92      0.92      0.92        36
         589       0.91      0.90      0.90        87
         590       0.87      0.90      0.88       124
         591       0.92      0.97      0.94        58
         592       0.86      0.71      0.77        34
         593       0.94      1.00      0.97        48
         594       0.92      0.80      0.86        56
         595       0.98      0.93      0.95        43
         596       0.89      0.89      0.89        19
         597       0.83      0.96      0.89        45
         598       0.96      0.98      0.97       130
         599       0.76      0.78      0.77        50
         600       0.99      0.99      0.99       132
         601       1.00      0.96      0.98        24
         602       1.00      1.00      1.00        42
         603       0.99      1.00      1.00       132
         604       0.94      0.96      0.95        49
         605       0.93      1.00      0.96        38
         606       0.84      0.88      0.86        43
         607       1.00      1.00      1.00        50
         608       0.97      0.97      0.97        94
         609       0.43      0.45      0.44        33
         610       0.97      1.00      0.99        38
         611       0.85      0.63      0.72        27
         612       0.96      0.96      0.96        48
         613       0.67      0.64      0.65        44
         614       1.00      1.00      1.00        84
         615       1.00      0.85      0.92        39
         616       0.64      0.89      0.75        81
         617       0.99      0.96      0.97        94
         618       0.71      0.41      0.52        41
         619       0.61      0.71      0.66        31
         620       1.00      1.00      1.00        75
         621       0.88      0.86      0.87        35
         622       0.85      0.65      0.74        43
         623       0.95      0.95      0.95        80
         624       0.46      0.44      0.45        36
         625       0.75      0.72      0.74       123
         626       0.96      0.94      0.95        48
         627       1.00      0.97      0.99        40
         628       0.75      0.79      0.77        42
         629       1.00      0.95      0.98        21
         630       1.00      0.98      0.99        49
         631       0.85      0.90      0.87        50
         632       0.98      0.98      0.98        46
         633       0.96      0.96      0.96        24
         634       0.92      0.92      0.92        50
         635       0.95      1.00      0.97        37
         636       0.96      0.95      0.95        93
         637       0.61      0.46      0.52        37
         638       0.55      0.50      0.52        24
         639       1.00      0.93      0.96        27
         640       0.77      0.92      0.84        50
         641       0.76      0.83      0.80        47
         642       0.70      0.77      0.73       131
         643       1.00      0.94      0.97        50
         644       0.97      1.00      0.98        32
         645       1.00      1.00      1.00        32
         646       0.91      0.94      0.92        31
         647       0.73      0.80      0.76        44
         648       0.93      0.88      0.90        57
         649       0.96      1.00      0.98        49
         650       0.97      1.00      0.99        37
         651       0.95      0.89      0.92        45
         652       0.91      0.92      0.92        76
         653       0.74      0.48      0.58       104
         654       0.96      1.00      0.98        22
         655       1.00      1.00      1.00        40
         656       1.00      1.00      1.00        77
         657       1.00      0.81      0.89        26
         658       0.74      0.70      0.72        44
         659       0.96      0.90      0.93        30
         660       0.98      1.00      0.99        52
         661       0.82      0.92      0.87        87
         662       0.94      0.88      0.91        50
         663       0.97      0.93      0.95        30
         664       0.94      1.00      0.97        47
         665       0.94      1.00      0.97        46
         666       0.95      0.93      0.94        68
         667       1.00      0.97      0.99        40
         668       0.94      0.91      0.92        32
         669       1.00      1.00      1.00        31
         670       0.90      0.94      0.92        50
         671       0.95      0.98      0.96       125
         672       0.96      0.98      0.97        49
         673       0.97      0.88      0.93        43
         674       0.65      0.57      0.61        53
         675       0.62      0.82      0.71        44
         676       0.97      1.00      0.99        36
         677       0.98      0.99      0.99       100
         678       0.97      0.97      0.97        29
         679       0.98      0.96      0.97        50
         680       0.95      1.00      0.98        40
         681       0.89      0.82      0.85        94
         682       0.96      0.96      0.96        54
         683       0.93      0.93      0.93        40
         684       0.88      0.90      0.89        48
         685       0.85      0.83      0.84        53
         686       0.95      0.97      0.96        39
         687       0.85      0.94      0.89        31
         688       0.95      1.00      0.97        36
         689       1.00      1.00      1.00        35
         690       1.00      1.00      1.00        50
         691       1.00      1.00      1.00        37
         692       0.94      0.98      0.96       110
         693       0.99      1.00      0.99        80
         694       0.93      0.95      0.94        39
         695       0.88      0.82      0.85        34
         696       0.98      0.95      0.97        44
         697       0.89      0.82      0.85        38
         698       0.96      0.96      0.96        50
         699       0.95      0.94      0.95        86
         700       0.80      0.88      0.83        49
         701       0.86      0.84      0.85        37
         702       0.76      0.80      0.78        44
         703       0.91      1.00      0.95        31
         704       1.00      0.97      0.98        33
         705       0.70      0.50      0.58        46
         706       0.97      1.00      0.99        35
         707       0.96      0.95      0.95        95
         708       1.00      1.00      1.00        38
         709       0.77      0.82      0.79        73
         710       1.00      0.96      0.98        28
         711       0.92      0.95      0.93        37
         712       0.99      0.98      0.99       104
         713       0.84      0.72      0.78        29
         714       0.91      0.82      0.86        83
         715       0.80      0.75      0.78        44
         716       0.64      0.70      0.67        20
         717       0.99      0.99      0.99        90
         718       0.97      0.97      0.97        35
         719       1.00      1.00      1.00        38
         720       0.83      0.88      0.85        40
         721       1.00      1.00      1.00        31
         722       0.97      0.97      0.97       113
         723       0.91      1.00      0.95        42
         724       0.97      1.00      0.99        36
         725       0.78      0.78      0.78        40
         726       0.60      0.80      0.68        50
         727       1.00      0.85      0.92        27
         728       0.98      1.00      0.99        40
         729       0.82      0.70      0.75        46
         730       0.92      0.88      0.90        40
         731       0.50      0.73      0.59        22
         732       1.00      1.00      1.00        45
         733       0.95      0.98      0.96        41
         734       0.95      0.91      0.93        22
         735       0.82      0.82      0.82        34
         736       0.96      0.93      0.95        85
         737       0.93      0.97      0.95        40
         738       0.83      0.78      0.80        50
         739       0.95      0.95      0.95        41
         740       0.94      0.99      0.96       143
         741       0.98      0.96      0.97        49
         742       0.94      0.94      0.94        36
         743       0.92      0.92      0.92        49
         744       0.63      0.80      0.71        30
         745       0.91      0.93      0.92        46
         746       1.00      1.00      1.00        19
         747       0.92      0.95      0.94        38
         748       0.84      0.90      0.87        60
         749       0.73      0.80      0.76        44
         750       0.81      0.92      0.86        37
         751       0.92      0.94      0.93        50
         752       0.94      1.00      0.97        44
         753       0.95      1.00      0.97        19
         754       0.88      0.96      0.92        70
         755       0.87      0.86      0.86        85
         756       0.98      1.00      0.99        48
         757       0.97      0.97      0.97        34
         758       0.96      0.98      0.97        50
         759       0.96      0.96      0.96       139
         760       0.94      0.91      0.92        32
         761       0.87      0.90      0.89        91
         762       0.82      0.86      0.84       178
         763       0.81      0.93      0.86        27
         764       0.91      1.00      0.95        41
         765       0.88      0.92      0.90        78
         766       0.80      0.88      0.84        41
         767       0.93      0.88      0.90        16
         768       0.76      0.76      0.76        37
         769       0.87      0.96      0.91        50
         770       0.67      0.49      0.56       136
         771       0.89      0.94      0.92        18
         772       1.00      0.95      0.97        40
         773       0.91      0.95      0.93       124
         774       0.99      0.99      0.99       143
         775       0.81      0.88      0.85        34
         776       0.90      0.84      0.87        43
         777       1.00      1.00      1.00        37
         778       0.97      0.97      0.97        29
         779       1.00      1.00      1.00        33
         780       1.00      1.00      1.00        25
         781       0.96      0.96      0.96        47
         782       1.00      0.91      0.95        56
         783       0.98      0.94      0.96        94
         784       0.97      0.91      0.94        34
         785       0.73      0.63      0.68       126
         786       0.62      0.87      0.72        46
         787       0.93      0.93      0.93        27
         788       0.47      0.32      0.38        50
         789       0.62      0.54      0.58        46
         790       1.00      1.00      1.00        33
         791       0.85      1.00      0.92        29
         792       1.00      1.00      1.00        40
         793       0.86      0.84      0.85        50
         794       0.81      0.73      0.77        41
         795       0.61      0.35      0.45        85
         796       0.96      0.99      0.97        79
         797       0.79      0.57      0.67        40
         798       0.98      0.88      0.93        50
         799       0.90      0.94      0.92        50
         800       1.00      0.94      0.97        17
         801       0.82      0.88      0.85        72
         802       0.89      0.97      0.93       100
         803       0.95      0.84      0.89        49
         804       0.96      0.99      0.97        97
         805       1.00      0.96      0.98        27
         806       0.84      0.96      0.90        27
         807       0.77      0.87      0.82        46
         808       0.96      1.00      0.98        22
         809       0.89      0.75      0.81        32
         810       0.75      0.84      0.79        43
         811       1.00      1.00      1.00        43
         812       1.00      1.00      1.00        52
         813       1.00      0.96      0.98        24
         814       0.96      0.96      0.96        26
         815       0.72      0.70      0.71        99
         816       0.87      0.89      0.88        38
         817       1.00      1.00      1.00        45
         818       0.90      1.00      0.95        44
         819       1.00      0.95      0.97        20
         820       0.91      0.81      0.86        26
         821       1.00      0.91      0.95        45
         822       0.90      1.00      0.95        27
         823       0.96      0.95      0.95       100
         824       0.45      0.50      0.47        44
         825       1.00      1.00      1.00        29
         826       0.85      1.00      0.92        47
         827       0.88      0.88      0.88        25
         828       1.00      1.00      1.00        20
         829       0.88      1.00      0.94        61
         830       0.97      1.00      0.99        33
         831       0.97      0.88      0.93        42
         832       1.00      1.00      1.00        18
         833       1.00      0.97      0.99        35
         834       0.83      0.78      0.80       124
         835       0.82      0.85      0.83        47
         836       0.64      0.62      0.63        29
         837       0.89      0.86      0.87        36
         838       0.87      0.73      0.79        37
         839       0.96      0.98      0.97        47
         840       0.81      0.97      0.88        30
         841       0.91      0.94      0.92        85
         842       0.80      0.65      0.72        43
         843       1.00      0.99      0.99        92
         844       0.99      0.97      0.98       118
         845       0.96      1.00      0.98        46
         846       1.00      1.00      1.00        94
         847       0.68      0.90      0.78        42
         848       0.84      0.96      0.90        27
         849       0.96      0.95      0.95        94
         850       0.67      0.70      0.69        47
         851       0.98      0.85      0.91        47
         852       0.85      0.82      0.84        78
         853       0.79      0.67      0.72        75
         854       1.00      0.93      0.97        30
         855       1.00      1.00      1.00        22
         856       0.70      0.56      0.62        34
         857       0.90      0.90      0.90        50
         858       0.99      0.99      0.99       199
         859       0.89      1.00      0.94        39
         860       0.92      0.92      0.92        38
         861       0.76      0.91      0.83       112
         862       1.00      0.98      0.99        42
         863       0.98      0.93      0.95        85
         864       0.98      1.00      0.99        43
         865       0.96      0.86      0.91        28
         866       0.84      0.73      0.78        96
         867       0.97      1.00      0.98        29
         868       1.00      0.90      0.95        30
         869       0.71      0.56      0.63        39
         870       1.00      1.00      1.00        51
         871       0.78      0.85      0.81        46
         872       0.80      0.89      0.84        94
         873       0.88      0.81      0.84        36
         874       0.78      0.73      0.75        85
         875       0.98      1.00      0.99        44
         876       0.69      0.60      0.64        30
         877       0.98      0.98      0.98        50
         878       1.00      0.98      0.99        42
         879       1.00      1.00      1.00        41
         880       0.90      0.96      0.93        27
         881       0.79      0.77      0.78        44
         882       0.98      0.91      0.94       148
         883       0.98      0.95      0.97       153
         884       1.00      1.00      1.00        42
         885       0.98      0.98      0.98        42
         886       0.98      1.00      0.99        44
         887       0.91      0.98      0.94       103
         888       1.00      0.96      0.98        48
         889       0.92      0.92      0.92        36
         890       0.98      0.98      0.98        41
         891       0.78      0.98      0.87        43
         892       1.00      1.00      1.00        48
         893       0.91      0.94      0.93        87
         894       0.78      0.95      0.85        40
         895       0.83      0.87      0.85        23
         896       0.91      1.00      0.95        50
         897       0.68      0.61      0.65        49
         898       0.97      0.91      0.94        34
         899       1.00      1.00      1.00        18
         900       0.92      0.95      0.93        37
         901       1.00      1.00      1.00        32
         902       0.45      0.57      0.51        40
         903       0.94      0.84      0.89       103
         904       0.64      0.76      0.69        46
         905       0.76      0.93      0.84        42
         906       0.87      0.87      0.87        31
         907       0.96      1.00      0.98        49
         908       0.98      0.90      0.94        68
         909       1.00      0.99      0.99        87
         910       0.96      0.98      0.97        44
         911       0.70      0.70      0.70        81
         912       0.96      0.98      0.97        50
         913       0.78      0.81      0.79        31
         914       0.64      0.79      0.71        57
         915       0.78      0.73      0.75        48
         916       0.97      1.00      0.99        36
         917       1.00      0.86      0.93        29
         918       0.62      0.47      0.53        17
         919       0.98      0.98      0.98        49
         920       0.93      0.96      0.94        26
         921       1.00      0.97      0.99        37
         922       1.00      1.00      1.00        82
         923       1.00      1.00      1.00        20
         924       1.00      0.98      0.99        41
         925       0.90      1.00      0.95        28
         926       1.00      1.00      1.00        28
         927       0.70      0.85      0.77        39
         928       0.95      0.95      0.95        22
         929       1.00      0.97      0.98        30
         930       0.85      0.83      0.84        35
         931       0.94      1.00      0.97        30
         932       0.62      0.81      0.71        37
         933       0.88      0.97      0.92        30
         934       0.95      0.99      0.97        92
         935       1.00      0.98      0.99        45
         936       0.91      0.86      0.89        37
         937       0.50      0.21      0.30        28
         938       1.00      0.98      0.99        43
         939       0.73      0.77      0.75        35
         940       0.94      0.94      0.94        94
         941       0.97      1.00      0.98        30
         942       0.87      0.88      0.88       164
         943       0.56      0.49      0.52        49
         944       0.91      0.93      0.92        44
         945       0.71      0.62      0.67        32
         946       0.90      0.91      0.91        47
         947       1.00      1.00      1.00        39
         948       0.82      0.77      0.79        30
         949       0.97      1.00      0.99        37
         950       0.94      0.94      0.94        98
         951       0.85      0.91      0.88        45
         952       0.98      0.98      0.98        43
         953       1.00      0.96      0.98        49
         954       0.73      0.61      0.67        18
         955       0.89      0.88      0.88       100
         956       0.75      0.65      0.70        23
         957       0.97      1.00      0.98        28
         958       0.96      0.91      0.93        53
         959       1.00      1.00      1.00        49
         960       0.97      0.98      0.98       151
         961       1.00      1.00      1.00        38
         962       0.84      0.82      0.83        50
         963       1.00      1.00      1.00        38
         964       0.99      1.00      1.00       196
         965       0.99      0.96      0.97        74
         966       0.87      0.94      0.90        50
         967       0.89      0.92      0.91        26
         968       0.94      0.77      0.85        22
         969       0.80      0.88      0.84       102
         970       0.96      0.93      0.95        28
         971       0.70      0.72      0.71        82
         972       0.91      0.75      0.82        28
         973       0.89      0.83      0.86        41
         974       0.96      0.97      0.97       102
         975       0.61      0.64      0.62        22
         976       0.97      0.96      0.97        72
         977       0.85      0.97      0.91        40
         978       0.61      0.69      0.65        29
         979       0.98      1.00      0.99        50
         980       0.93      0.98      0.95        90
         981       0.83      0.89      0.86       173
         982       0.98      1.00      0.99        50
         983       1.00      1.00      1.00        31
         984       0.94      0.96      0.95        50
         985       0.61      0.48      0.53        82
         986       0.60      0.59      0.59        41
         987       0.83      0.68      0.75        37
         988       0.81      0.93      0.86        27
         989       1.00      1.00      1.00        50
         990       1.00      0.92      0.96        24
         991       0.98      1.00      0.99       110
         992       0.96      0.90      0.93        29
         993       0.93      0.98      0.95        93
         994       0.92      1.00      0.96        35
         995       0.97      0.99      0.98        68
         996       0.81      0.80      0.80        88
         997       1.00      0.97      0.98        33
         998       0.86      0.91      0.88        33
         999       0.97      0.94      0.96       102

    accuracy                           0.90     53462
   macro avg       0.90      0.90      0.89     53462
weighted avg       0.90      0.90      0.90     53462
